0 IRIDIUM 7
1 24793U 97020B   18291.94986041 +.00000123 +00000-0 +36812-4 0  9995
2 24793 086.3924 114.7382 0002117 088.3447 271.7991 14.34266416123021
0 IRIDIUM 5
1 24795U 97020D   18291.92043335 +.00000338 +00000-0 +33749-4 0  9999
2 24795 086.3933 104.0089 0141762 081.9823 279.7456 14.79975892124823
0 IRIDIUM 4
1 24796U 97020E   18291.96765500 +.00000124 +00000-0 +36350-4 0  9993
2 24796 086.3917 113.2507 0002101 091.8496 018.3563 14.35192033123377
0 IRIDIUM 914
1 24836U 97030A   18291.89474379 +.00000116 +00000-0 +31398-4 0  9990
2 24836 086.3910 128.7326 0001243 032.2385 327.8889 14.38844111257110
0 IRIDIUM 10
1 24839U 97030D   18279.07838942  .21518124 -15694-5  21290-3 0  9995
2 24839  86.3615 149.2002 0040661  94.4660  52.4236 16.47076878115431
0 IRIDIUM 16
1 24841U 97030F   18291.89974926 +.00000102 +00000-0 +27839-4 0  9999
2 24841 086.4036 145.3836 0004116 108.1229 252.0416 14.36802261117498
0 IRIDIUM 911
1 24842U 97030G   18291.85969650 +.00000134 +00000-0 +32524-4 0  9996
2 24842 086.4464 145.8965 0012385 268.5066 091.4717 14.45059421123521
0 IRIDIUM 15
1 24869U 97034A   18287.41071958  .77927556 -17130-5  30831-3 0  9997
2 24869  86.3761 178.1283 0024945 112.3399 249.2674 16.56698202113738
0 IRIDIUM 17
1 24870U 97034B   18291.77670787 +.00000086 +00000-0 +22985-4 0  9998
2 24870 086.4011 175.4657 0003687 071.7780 288.3818 14.35844354114287
0 IRIDIUM 920
1 24871U 97034C   18291.69472904 +.00000134 +00000-0 +36381-4 0  9990
2 24871 086.3999 160.5335 0012043 163.7861 196.3726 14.39557636116363
0 IRIDIUM 921
1 24873U 97034E   18291.87356077 +.00001242 +00000-0 +70076-4 0  9994
2 24873 086.3986 194.8414 0008657 029.9848 330.1884 15.12117937161645
0 IRIDIUM 26
1 24903U 97043A   18291.86842141 +.00000095 +00000-0 +26226-4 0  9992
2 24903 086.3987 050.2103 0002225 097.7540 262.3909 14.35331855107596
0 IRIDIUM 46
1 24905U 97043C   18292.19241382  .00106904  14276-5  56761-3 0  9998
2 24905  86.3827  32.6166 0227155 138.9577 222.9030 15.51919920110431
0 IRIDIUM 22
1 24907U 97043E   18291.84415073 +.00000092 +00000-0 +25745-4 0  9996
2 24907 086.3986 051.8856 0002056 093.8465 266.2966 14.34267360107882
0 IRIDIUM 29
1 24944U 97051A   18291.90563319 +.00000130 +00000-0 +38829-4 0  9990
2 24944 086.3935 082.4901 0001917 087.1814 272.9601 14.34675142104289
0 IRIDIUM 32
1 24945U 97051B   18291.94896486 -.00000030 +00000-0 -17641-4 0  9999
2 24945 086.3923 082.7965 0001796 072.2531 287.8861 14.34210959104471
0 IRIDIUM 33
1 24946U 97051C   18291.91612226 +.00000094 +00000-0 +26815-4 0  9996
2 24946 086.3849 082.2045 0010003 091.2571 268.9771 14.33620613104043
0 IRIDIUM 28
1 24948U 97051E   18291.94548788 +.00000104 +00000-0 +29179-4 0  9990
2 24948 086.3941 081.4121 0002429 095.9570 264.1903 14.35629509104632
0 IRIDIUM 31
1 24950U 97051G   18291.90855986 -.00000051 +00000-0 -23256-4 0  9993
2 24950 086.4194 082.9584 0001844 097.3454 262.7954 14.38600744104725
0 IRIDIUM 35
1 24966U 97056B   18291.91183391 -.00000055 +00000-0 -24560-4 0  9993
2 24966 086.4183 114.4637 0001774 082.6114 277.5285 14.38603933102386
0 IRIDIUM 36
1 24967U 97056C   18291.93214259 +.00000093 +00000-0 +25274-4 0  9997
2 24967 086.3931 113.0974 0002141 084.9103 275.2338 14.35684846102987
0 IRIDIUM 40
1 25041U 97069C   18265.90009736 +.07097257 -14914-5 +57746-3 0  9993
2 25041 086.3427 141.2174 0020284 246.0785 113.8397 16.38288163099020
0 IRIDIUM 39
1 25042U 97069D   18291.91412044 +.00000126 +00000-0 +29393-4 0  9999
2 25042 086.3962 170.7265 0020601 123.8963 236.4203 14.46267713097094
0 IRIDIUM 38
1 25043U 97069E   18291.73564266 +.00000107 +00000-0 +29829-4 0  9997
2 25043 086.4009 174.3494 0003096 102.9105 257.2438 14.36112259096584
0 IRIDIUM 42
1 25077U 97077A   18291.95410903 +.00000096 +00000-0 +27081-4 0  9990
2 25077 086.4017 177.5647 0002441 094.9401 265.2074 14.34531620092257
0 IRIDIUM 44
1 25078U 97077B   18291.71435491 +.00000120 +00000-0 +32970-4 0  9995
2 25078 086.3996 166.0167 0003889 094.8877 265.2765 14.38210889093811
0 IRIDIUM 45
1 25104U 97082A   18291.92994758 -.00000058 +00000-0 -27932-4 0  9994
2 25104 086.3930 082.9373 0002435 104.1159 256.0307 14.34211028090165
0 IRIDIUM 24
1 25105U 97082B   18291.78883119 +.00000084 +00000-0 +20464-4 0  9997
2 25105 086.3965 029.0977 0012055 166.2640 193.8889 14.39947889092913
0 IRIDIUM 52
1 25169U 98010A   18290.70665662  .00000024  00000-0  00000+0 0  9994
2 25169  86.4200 146.6525 0041667 178.9090 185.0158 14.60848295 81668
0 IRIDIUM 56
1 25170U 98010B   18284.38011863  .17267319 -95414-6  34463-3 0  9995
2 25170  86.3769 145.8182 0033126 357.4376   2.7592 16.43394840 81225
0 IRIDIUM 54
1 25171U 98010C   18291.90199003 +.00000004 +00000-0 -52454-5 0  9996
2 25171 086.4221 146.1853 0002045 075.2333 284.9092 14.38612650082014
0 IRIDIUM 50
1 25172U 98010D   18265.86624404 +.12326199 -17233-5 +36382-3 0  9991
2 25172 086.6942 155.8261 0071300 105.2298 255.6905 16.34077550078331
0 IRIDIUM 53
1 25173U 98010E   18273.53785714  .34707118 -17741-5  23581-3 0  9996
2 25173  86.7590 152.9558 0046636 110.0323 251.7763 16.49210048 79399
0 IRIDIUM 51
1 25262U 98018A   18291.94919759 +.00000760 +00000-0 +51668-4 0  9990
2 25262 086.3952 102.0939 0208990 039.2417 322.3746 14.88204850082793
0 IRIDIUM 61
1 25263U 98018B   18291.90534357 -.00000063 +00000-0 -27122-4 0  9990
2 25263 086.4194 114.6742 0001192 122.8920 237.2393 14.38603478076820
0 IRIDIUM 55
1 25272U 98019A   18291.91499562 -.00000055 +00000-0 -24573-4 0  9998
2 25272 086.4188 082.7399 0001702 096.5432 263.5960 14.38602563076093
0 IRIDIUM 57
1 25273U 98019B   18292.13664980  .00000103  00000-0  29601-4 0  9991
2 25273  86.3938  82.9658 0002049  91.6477 268.4954 14.34318006 76152
0 IRIDIUM 58
1 25274U 98019C   18291.92129181 -.00000025 +00000-0 -14714-4 0  9991
2 25274 086.4187 083.2458 0002097 099.8543 260.2892 14.38596986076092
0 IRIDIUM 59
1 25275U 98019D   18291.90456036 -.00000031 +00000-0 -18228-4 0  9993
2 25275 086.3932 083.1058 0001824 086.7800 273.3605 14.34211485076195
0 IRIDIUM 60
1 25276U 98019E   18291.91089172 -.00000046 +00000-0 -23579-4 0  9999
2 25276 086.3929 082.7026 0001924 091.1475 268.9941 14.34211173075906
0 IRIDIUM 62
1 25285U 98021A   18291.73781903 +.00000154 +00000-0 +43954-4 0  9990
2 25285 086.4261 019.7051 0002197 102.4799 257.6645 14.38611234075128
0 IRIDIUM 63
1 25286U 98021B   18291.79956760 +.00000080 +00000-0 +21291-4 0  9990
2 25286 086.4037 020.0961 0001985 092.7740 020.9956 14.34745428074827
0 IRIDIUM 64
1 25287U 98021C   18291.74413970 +.00000175 +00000-0 +50821-4 0  9993
2 25287 086.4260 019.7482 0002290 095.6265 264.5195 14.38610994074827
0 IRIDIUM 69
1 25319U 98026A   18291.84323275 +.00000104 +00000-0 +27489-4 0  9999
2 25319 086.4026 040.1576 0004165 100.0337 260.1331 14.38759989073055
0 IRIDIUM 71
1 25320U 98026B   18291.83200257 +.00000065 +00000-0 +14414-4 0  9994
2 25320 086.4013 035.8156 0003116 134.6670 225.4783 14.39168093073490
0 IRIDIUM 70
1 25342U 98032A   18284.21707279  .16594638 -12525-5  18070-3 0  9998
2 25342  86.5503  21.7232 0063640 282.3994  77.0197 16.42517631 68335
0 IRIDIUM 73
1 25344U 98032C   18291.76174921 +.00000115 +00000-0 +24884-4 0  9995
2 25344 086.4459 356.4672 0001822 106.7780 253.3624 14.49138818078008
0 IRIDIUM 82
1 25467U 98051A   18291.88362088 +.00000835 +00000-0 +59491-4 0  9999
2 25467 086.4022 157.5266 0183305 088.6333 273.5884 14.90077731059595
0 IRIDIUM 2
1 25527U 98066A   18291.93516398 +.00001130 +00000-0 +54214-4 0  9990
2 25527 085.5262 103.5067 0011308 092.2776 267.9759 15.17635706092466
0 IRIDIUM 86
1 25528U 98066B   18278.25234233  .16532404 -88396-6  33224-3 0  9994
2 25528  86.3784 147.9766 0040876  28.8947 331.7263 16.42097639 47905
0 IRIDIUM 84
1 25530U 98066D   18292.00391450  .00855703 -14144-5  69975-3 0  9995
2 25530  86.3654 142.7739 0245812  54.3065 308.0811 15.74591434 47439
0 IRIDIUM 83
1 25531U 98066E   18292.16687130  .01747146 -14557-5  11344-2 0  9992
2 25531  86.4035 145.3577 0399963 162.2551 199.3158 15.42283641 44489
0 IRIDIUM 20
1 25577U 98074A   18292.23278560  .04200181 -99418-6  30438-3 0  9994
2 25577  86.5922  50.1861 0191590 311.0537  47.4326 16.02478813 38744
0 IRIDIUM 11
1 25578U 98074B   18292.31392185  .03191845 -11062-5  26380-3 0  9998
2 25578  86.4021  49.8970 0183191 296.7235  61.5309 16.03680511 47763
0 IRIDIUM 14
1 25777U 99032A   18291.94011637 +.00000172 +00000-0 +49604-4 0  9990
2 25777 086.4293 019.6829 0002028 110.6764 249.4651 14.38613299024670
0 IRIDIUM 91
1 27372U 02005A   18291.88553082 -.00000021 +00000-0 -14699-4 0  9996
2 27372 086.3935 082.9375 0001574 093.9730 266.1646 14.34211222881627
0 IRIDIUM 90
1 27373U 02005B   18292.03043472  .00155426  54522-5  52893-3 0  9990
2 27373  86.4219 129.3386 0195295 211.9068 147.0256 15.65746467884066
0 IRIDIUM 95
1 27375U 02005D   18291.92359854 -.00000057 +00000-0 -27384-4 0  9999
2 27375 086.3932 082.9247 0001399 072.4709 287.6640 14.34211496880936
0 IRIDIUM 96
1 27376U 02005E   18291.89505241 +.00033608 -11347-5 +30053-3 0  9993
2 27376 086.3714 094.5939 0261127 104.5473 258.4895 15.35269759289572
0 IRIDIUM 97
1 27450U 02031A   18291.89898541 -.00000033 +00000-0 -17472-4 0  9990
2 27450 086.4189 114.7126 0001975 080.2139 279.9282 14.38611002860327
0 IRIDIUM 106
1 41917U 17003A   18291.74998232 +.00000089 +00000-0 +24707-4 0  9999
2 41917 086.4022 177.9405 0002607 085.3922 274.7571 14.34216420092105
0 IRIDIUM 103
1 41918U 17003B   18291.73729699 +.00000075 +00000-0 +19825-4 0  9998
2 41918 086.4022 177.8550 0002014 100.1102 260.0321 14.34218140092139
0 IRIDIUM 109
1 41919U 17003C   18291.81340314 +.00000059 +00000-0 +14096-4 0  9998
2 41919 086.4022 177.8367 0002133 087.7605 272.3835 14.34216961092108
0 IRIDIUM 102
1 41920U 17003D   18291.78168996 +.00000076 +00000-0 +20097-4 0  9997
2 41920 086.4021 177.8336 0001815 085.1433 274.9969 14.34218345092184
0 IRIDIUM 105
1 41921U 17003E   18291.68296613 +.00000077 +00000-0 +20366-4 0  9995
2 41921 086.3974 146.2645 0003464 095.0047 265.1544 14.34217213094026
0 IRIDIUM 104
1 41922U 17003F   18291.72460877 +.00000066 +00000-0 +16609-4 0  9999
2 41922 086.4022 177.8571 0002487 089.2839 270.8642 14.34218652092161
0 IRIDIUM 114
1 41923U 17003G   18291.73095141 +.00000072 +00000-0 +18818-4 0  9990
2 41923 086.4023 177.8458 0002337 077.2675 282.8782 14.34217953092167
0 IRIDIUM 108
1 41924U 17003H   18291.68947129 +.00000085 +00000-0 +23394-4 0  9996
2 41924 086.3968 146.3241 0002532 083.0830 277.0654 14.34216920094014
0 IRIDIUM 112
1 41925U 17003J   18291.78803778 +.00000070 +00000-0 +17909-4 0  9998
2 41925 086.4018 177.7970 0001873 069.1437 290.9959 14.34217591092187
0 IRIDIUM 111
1 41926U 17003K   18291.84511187 +.00000073 +00000-0 +18943-4 0  9998
2 41926 086.4019 177.7832 0002104 094.5283 265.6153 14.34219930092167
0 IRIDIUM 113
1 42803U 17039A   18291.89484348 +.00000080 +00000-0 +21450-4 0  9990
2 42803 086.3996 051.3900 0002374 107.6723 252.4733 14.34217224070104
0 IRIDIUM 123
1 42804U 17039B   18291.93632256 +.00000039 +00000-0 +68011-5 0  9998
2 42804 086.3944 082.9782 0001944 098.0708 262.0708 14.34214136068873
0 IRIDIUM 120
1 42805U 17039C   18291.88851036 +.00000081 +00000-0 +21780-4 0  9990
2 42805 086.3984 051.5376 0002505 108.3357 251.8111 14.34217575070099
0 IRIDIUM 115
1 42806U 17039D   18291.85684572 +.00000092 +00000-0 +21341-4 0  9992
2 42806 086.4524 051.2468 0000697 315.1453 044.9691 14.43280803070644
0 IRIDIUM 118
1 42807U 17039E   18291.89825334 +.00000033 +00000-0 +48540-5 0  9996
2 42807 086.3943 083.0035 0001619 089.0695 271.0686 14.34216394068864
0 IRIDIUM 117
1 42808U 17039F   18291.91728163 +.00000042 +00000-0 +79556-5 0  9993
2 42808 086.3943 082.9775 0002701 099.4336 260.7166 14.34215196068894
0 IRIDIUM 126
1 42809U 17039G   18291.94265492 +.00000052 +00000-0 +11579-4 0  9999
2 42809 086.3943 082.9746 0002119 095.6553 264.4885 14.34216364068881
0 IRIDIUM 124
1 42810U 17039H   18291.82514172 +.00000239 +00000-0 +25152-4 0  9999
2 42810 085.6833 029.0706 0012322 007.2055 352.9342 14.84169024071187
0 IRIDIUM 128
1 42811U 17039J   18291.93338385 +.00000036 +00000-0 +58020-5 0  9998
2 42811 086.3930 114.5587 0002282 120.1308 240.0114 14.34218972068903
0 IRIDIUM 121
1 42812U 17039K   18291.89191346 +.00000036 +00000-0 +57212-5 0  9990
2 42812 086.3944 083.0087 0002029 097.9755 262.1671 14.34215419068748
0 IRIDIUM 133
1 42955U 17061A   18291.89534648 +.00000018 +00000-0 -73064-6 0  9994
2 42955 086.3932 114.6274 0001873 104.1658 255.9746 14.34218583053697
0 IRIDIUM 100
1 42956U 17061B   18291.88899590 +.00000036 +00000-0 +59456-5 0  9991
2 42956 086.3930 114.6158 0002156 090.6383 269.5060 14.34217322053719
0 IRIDIUM 122
1 42957U 17061C   18291.92706489 +.00000035 +00000-0 +52629-5 0  9995
2 42957 086.3930 114.5947 0002239 114.7401 245.4028 14.34218137053707
0 IRIDIUM 129
1 42958U 17061D   18291.95244313 +.00000039 +00000-0 +68688-5 0  9998
2 42958 086.3931 114.6204 0002047 105.5929 254.5492 14.34216695053721
0 IRIDIUM 119
1 42959U 17061E   18291.92072863 +.00000017 +00000-0 -10818-5 0  9994
2 42959 086.3933 114.6155 0001755 101.4395 258.6998 14.34217972053732
0 IRIDIUM 107
1 42960U 17061F   18291.93973230 +.00000018 +00000-0 -69695-6 0  9994
2 42960 086.3933 114.6113 0002080 089.7300 270.4134 14.34218417053755
0 IRIDIUM 132
1 42961U 17061G   18291.94607875 +.00000034 +00000-0 +50704-5 0  9992
2 42961 086.3931 114.6031 0002477 095.9159 264.2320 14.34218752053743
0 IRIDIUM 136
1 42962U 17061H   18291.90802729 +.00000039 +00000-0 +67783-5 0  9994
2 42962 086.3932 114.6177 0001738 101.1523 258.9868 14.34217906053758
0 IRIDIUM 139
1 42963U 17061J   18291.91435987 +.00000034 +00000-0 +50534-5 0  9995
2 42963 086.3933 114.6315 0002159 095.9674 264.1768 14.34217380053764
0 IRIDIUM 125
1 42964U 17061K   18291.90167889 +.00000037 +00000-0 +61946-5 0  9990
2 42964 086.3934 114.6475 0002168 093.6666 266.4778 14.34217337053778
0 IRIDIUM 135
1 43070U 17083A   18291.87582389 +.00000078 +00000-0 +20649-4 0  9994
2 43070 086.3990 051.4193 0002299 081.4551 278.6906 14.34218212043069
0 IRIDIUM 138
1 43071U 17083B   18291.69187747 +.00000090 +00000-0 +25192-4 0  9996
2 43071 086.3979 051.4723 0002185 101.0390 259.1052 14.34216511043022
0 IRIDIUM 116
1 43072U 17083C   18291.86946755 +.00000082 +00000-0 +22140-4 0  9999
2 43072 086.3988 051.4409 0001790 088.3131 271.8270 14.34216665043084
0 IRIDIUM 130
1 43073U 17083D   18291.83777484 +.00000072 +00000-0 +18703-4 0  9997
2 43073 086.3997 051.4540 0001993 098.5048 261.6374 14.34217711043025
0 IRIDIUM 151
1 43074U 17083E   18291.88216100 +.00000075 +00000-0 +19660-4 0  9992
2 43074 086.3991 051.4287 0001683 089.0629 271.0760 14.34216636043056
0 IRIDIUM 134
1 43075U 17083F   18291.85043784 +.00000083 +00000-0 +22594-4 0  9995
2 43075 086.3992 051.4103 0002459 095.9383 264.2093 14.34215882043011
0 IRIDIUM 137
1 43076U 17083G   18291.86312988 +.00000079 +00000-0 +21153-4 0  9997
2 43076 086.3993 051.4476 0001549 088.4448 271.6926 14.34216977043084
0 IRIDIUM 141
1 43077U 17083H   18291.85679034 +.00000054 +00000-0 +12332-4 0  9997
2 43077 086.3988 051.4331 0001810 101.3054 258.8345 14.34215961043082
0 IRIDIUM 153
1 43078U 17083J   18291.87873942 +.00000010 +00000-0 -36203-5 0  9991
2 43078 086.4020 019.8334 0002198 130.4190 229.7198 14.34222820044194
0 IRIDIUM 131
1 43079U 17083K   18291.84409489 +.00000083 +00000-0 +22628-4 0  9994
2 43079 086.3995 051.4377 0002180 099.6607 260.4835 14.34217327043010
0 IRIDIUM 144
1 43249U 18030A   18291.74555287 +.00000064 +00000-0 +15948-4 0  9999
2 43249 086.4018 019.9018 0002648 092.4169 267.7330 14.34218684029055
0 IRIDIUM 149
1 43250U 18030B   18291.75190006 +.00000067 +00000-0 +16693-4 0  9997
2 43250 086.4017 019.8959 0002673 089.2347 270.9155 14.34217093029053
0 IRIDIUM 157
1 43251U 18030C   18291.91044802 +.00000040 +00000-0 +73246-5 0  9997
2 43251 086.4022 019.8189 0001753 096.9519 263.1877 14.34216044029059
0 IRIDIUM 140
1 43252U 18030D   18291.78995469 +.00000069 +00000-0 +17538-4 0  9999
2 43252 086.4019 019.8843 0003553 089.9980 270.1623 14.34217518029095
0 IRIDIUM 145
1 43253U 18030E   18291.77726532 +.00000068 +00000-0 +17070-4 0  9992
2 43253 086.4019 019.8740 0003234 065.2453 294.9079 14.34218012029022
0 IRIDIUM 146
1 43254U 18030F   18291.75822747 +.00000074 +00000-0 +19455-4 0  9992
2 43254 086.4018 019.8997 0002351 081.8101 278.3362 14.34219662029033
0 IRIDIUM 148
1 43255U 18030G   18291.79628843 +.00000061 +00000-0 +14747-4 0  9993
2 43255 086.4019 019.8871 0001931 089.4529 270.6888 14.34218865029073
0 IRIDIUM 142
1 43256U 18030H   18291.76457462 +.00000043 +00000-0 +81870-5 0  9990
2 43256 086.4016 019.8928 0002157 092.8810 267.2633 14.34216524029032
0 IRIDIUM 150
1 43257U 18030J   18291.94217607 +.00000075 +00000-0 +19787-4 0  9998
2 43257 086.4019 019.8451 0002374 093.4618 266.6849 14.34217765029086
0 IRIDIUM 143
1 43258U 18030K   18291.78360566 +.00000077 +00000-0 +20419-4 0  9990
2 43258 086.4023 019.8872 0002736 076.7193 283.4308 14.34218779028995
0 IRIDIUM 161
1 43478U 18047C   18291.76836543 +.00000073 +00000-0 +15554-4 0  9993
2 43478 086.4544 177.9843 0002018 093.0817 267.0615 14.43278344021502
0 IRIDIUM 152
1 43479U 18047D   18291.75631655 +.00000084 +00000-0 +22807-4 0  9991
2 43479 086.4016 177.8701 0002001 073.6876 286.4540 14.34219210021396
0 IRIDIUM 147
1 43480U 18047E   18291.76265880 +.00000072 +00000-0 +18746-4 0  9991
2 43480 086.4019 177.8249 0001905 088.6271 271.5143 14.34216846021380
0 IRIDIUM 110
1 43481U 18047F   18291.76900794 +.00000067 +00000-0 +16766-4 0  9996
2 43481 086.4021 177.8391 0002495 087.3071 272.8410 14.34217805021377
0 IRIDIUM 162
1 43482U 18047G   18291.76204628 +.00000092 +00000-0 +21326-4 0  9996
2 43482 086.4543 177.9173 0002185 094.8036 265.3414 14.43279978021499
0 IRIDIUM 160
1 43569U 18061A   18292.13344645  .00000079  00000-0  21289-4 0  9997
2 43569  86.3970 146.0846 0001774  82.6855 277.4542 14.34218789 12320
0 IRIDIUM 166
1 43570U 18061B   18291.67044125 +.00000074 +00000-0 +19308-4 0  9991
2 43570 086.3970 146.2672 0002308 084.2544 275.8915 14.34219967012288
0 IRIDIUM 158
1 43571U 18061C   18291.84803482 +.00000080 +00000-0 +21488-4 0  9999
2 43571 086.3970 146.1999 0002124 076.3003 283.8429 14.34218612012272
0 IRIDIUM 165
1 43572U 18061D   18291.66408780 +.00000084 +00000-0 +23030-4 0  9991
2 43572 086.3971 146.2721 0002251 080.5633 279.5817 14.34218523012279
0 IRIDIUM 155
1 43573U 18061E   18291.90511093 +.00000071 +00000-0 +18281-4 0  9999
2 43573 086.3968 146.1732 0002674 099.4692 260.6806 14.34217956012278
0 IRIDIUM 154
1 43574U 18061F   18291.67678221 +.00000068 +00000-0 +17149-4 0  9999
2 43574 086.3972 146.2702 0001693 081.9529 278.1859 14.34218950012296
0 IRIDIUM 163
1 43575U 18061G   18291.65775037 +.00000054 +00000-0 +12059-4 0  9991
2 43575 086.3970 146.2779 0002478 066.5732 293.5724 14.34219451012262
0 IRIDIUM 156
1 43576U 18061H   18291.70216358 +.00000067 +00000-0 +16721-4 0  9998
2 43576 086.3969 146.2634 0002495 083.3090 276.8390 14.34217865012264
0 IRIDIUM 164
1 43577U 18061J   18291.68312708 +.00000066 +00000-0 +16476-4 0  9998
2 43577 086.3971 146.2694 0001919 079.4120 280.7292 14.34218800012304
0 IRIDIUM 159
1 43578U 18061K   18291.86071612 +.00000069 +00000-0 +17495-4 0  9990
2 43578 086.3969 146.1907 0001880 083.5922 276.5488 14.34218135012290
